0.000920589707337216
0.0046200765112287545
0.011238879575456218
0.014609903791294121
0.017665142317377147
0.019134038735128978
0.02017537462331498
0.020634613665594714
0.02307840198090627
0.023435778364259807
0.03719538185920812
0.03725479788801478
0.03844810699156176
0.03848456233420883
0.047427303457061254
0.05659553936038508
0.05665681371893694
0.07503359508385476
0.08182943139410859
0.08382133046992934
0.0840305925849466
0.09361694160375444
0.09929662509801618
0.10492200170016952
0.1122866082642765
0.11750116854940129
0.11845198392251899
0.1207500914382228
0.13240732978949232
0.13811002069124512
0.1444888597048406
0.14521103299605043
0.14528798580186297
0.14863488179720719
0.14998365656399404
0.15016467129991473
0.1543842452783325
0.1588871153732403
0.15925122841964756
0.16703485667316353
0.17596022850944149
0.17645366475244306
0.17773252429958286
0.18735401087080783
0.19044150451574404
0.1913481788222785
0.1917798398625712
0.19191301840183972
0.1922718902323305
0.19461615023308332
0.20031390649364011
0.2088627508426134
0.208983948352786
0.21268986451702832
0.21401127853580204
0.214104848944622
0.21588514280384152
0.22198199625911896
0.2251756753456765
0.23542311041727004
0.23676115061556569
0.24107499567292834
0.24117078428824446
0.24442275222601695
0.24689243100414637
0.2504551823320408
0.2509248659766905
0.2559857153091125
0.2595629987213136
0.2609366078378139
0.2698558333965069
0.270306011742278
0.2810567801013153
0.282355232624073
0.2855889768987415
0.3022510528970884
0.30293269211467366
0.30329645785075965
0.30349625201206387
0.3073399338937106
0.3097969115631837
0.31708353174621495
0.31950198923552653
0.32136889190369233
0.32325444994829433
0.3294727071972362
0.33114292051470606
0.3313691943651461
0.3314428109186598
0.3344123997925553
0.33492841861386624
0.33776719484003903
0.33888741892183405
0.3427669168497476
0.3430900869075755
0.3461343716735025
0.3489808763653731
0.350129750258129
0.3559401071354019
0.36013032909241294
0.3671248134928987
0.3867456505645497
0.38917316219952436
0.3983321805100901
0.4084643641742741
0.4120015428563236
0.41614717298921
0.4226860459691234
0.4235753695937232
0.4257561736521098
0.4297609765684631
0.43891347255909685
0.4525569489844088
0.4594023144381506
0.46048068509341156
0.46921266018555285
0.46938024332024075
0.4709537075715098
0.47665017817934674
0.4858992921571247
0.49099010924783304
0.496318958159941
0.49716634182317965
0.5015354506707532
0.513186916500378
0.5209021904833029
0.5234557991869736
0.5265559053062594
0.5295303549793446
0.5344627213837583
0.539131412071501
0.5406463291178698
0.5505162365736775
0.5535370734266614
0.5537424479159646
0.5557479155209137
0.5576365329589744
0.5629583118303318
0.5698206598935546
0.5767275426277403
0.5771273123938109
0.5821183473378456
0.5851814087945255
0.5870738084271381
0.5991242806383771
0.6004826597134332
0.6026593629978811
0.607477927680428
0.6169599912940478
0.6195084321343886
0.6206386217212556
0.6222390938538399
0.6373245632330147
0.6378381284424633
0.6424819772847709
0.648791350169725
0.6527003985567448
0.6623295454867647
0.6865183429516414
0.692707761665734
0.7030291102283266
0.7041342404015116
0.7063446452278808
0.7093016697249018
0.7115751031724508
0.7164010674232417
0.7170323743347062
0.7186708836245722
0.7193183032126571
0.7199622278858487
0.7203529950923576
0.7248179624597182
0.7250715692117333
0.728019626070229
0.7298522425533709
0.7352188431154771
0.7391492049045592
0.7449315522046341
0.7473105976802856
0.748108769299062
0.7492249420645382
0.7493626715363133
0.7554138011135754
0.7557220301985079
0.7574230648381342
0.7607715902329287
0.7648236711990082
0.7671911011777837
0.7725140327704533
0.7733725916500491
0.7773026983191722
0.7819620120509712
0.7824497310756577
0.7831283729108651
0.7887067638509774
0.7890310433852586
0.7920680018769655
0.7968618403988634
0.7974971360303006
0.7986708945076891
0.802230716291514
0.8031057384942749
0.8043720244589019
0.8062904749948223
0.8079715114175084
0.8116475105960665
0.8133759528551712
0.8150225048723735
0.816887363796279
0.8340353277489766
0.8405503961867469
0.8412992563855068
0.8432976168962225
0.8463009158122153
0.8480494158322327
0.8525082349443633
0.8531981165331552
0.8542916152719146
0.85579090494748
0.8644198597618534
0.865976817687834
0.8915927873348699
0.90076199226839
0.9149554674517824
0.9157318391494408
0.9162226802685673
0.9179458223025931
0.9217786470869831
0.9256718151295459
0.9267485720920389
0.9286360774089818
0.9286611200644678
0.9315600184070882
0.9526183239501868
0.9532296953290317
0.955468027692318
0.9688463227898955
0.9744383642760678
0.9753668894997226
0.9803201233011496
0.9833648706299459
0.9906190834744443
0.9908750776008846
0.9953476550559764
